Script started on 2021-04-03 19:52:15-03:00 [TERM="xterm-256color" TTY="/dev/pts/1" COLUMNS="205" LINES="20"]
CPU(%)	MEM(MB)
4,09 	 11,82
4,09 	 11,82
0,05 	 11,82
0,05 	 11,82
0,27 	 11,82
0,27 	 11,82
0,03 	 11,82
0,03 	 11,82
0,03 	 11,82
0,03 	 11,82
0,22 	 11,82
0,22 	 11,82
0,03 	 11,82
0,03 	 11,82
0,02 	 11,82
0,02 	 11,82
0,25 	 11,82
0,25 	 11,82
0,06 	 11,82
0,06 	 11,82
180,31 	 76,19
180,31 	 76,19
202,16 	 130,3
202,16 	 130,3
201,00 	 136,2
201,00 	 136,2
202,30 	 22,03
202,30 	 22,03
201,17 	 108,2
201,17 	 108,2
202,04 	 13,8
202,04 	 13,8
202,09 	 34,08
202,09 	 34,08
201,11 	 108,2
201,11 	 108,2
202,31 	 96,24
202,31 	 96,24
201,81 	 72,12
201,81 	 72,12
202,40 	 24,07
202,40 	 24,07
201,51 	 134,3
201,51 	 134,3
202,06 	 132,2
202,06 	 132,2
200,88 	 126,2
200,88 	 126,2
202,08 	 126,3
202,08 	 126,3
202,60 	 22,08
202,60 	 22,08
201,34 	 18,09
201,34 	 18,09
201,55 	 44,05
201,55 	 44,05
201,00 	 30,11
201,00 	 30,11
202,65 	 134,2
202,65 	 134,2
201,60 	 114,2
201,60 	 114,2
201,56 	 94,14
201,56 	 94,14
202,45 	 64,08
202,45 	 64,08
200,51 	 16,03
200,51 	 16,03
202,08 	 94,23
202,08 	 94,23
200,83 	 126,3
200,83 	 126,3
202,07 	 140,4
202,07 	 140,4
201,82 	 122,2
201,82 	 122,2
201,13 	 14,02
201,13 	 14,02
202,62 	 48,09
202,62 	 48,09
200,46 	 26,03
200,46 	 26,03
202,10 	 96,2
202,10 	 96,2
202,09 	 22,01
202,09 	 22,01
200,77 	 104,2
200,77 	 104,2
200,97 	 138,3
200,97 	 138,3
199,84 	 88,18
199,84 	 88,18
202,35 	 19,99
202,35 	 19,99
202,08 	 62,1
202,08 	 62,1
200,90 	 140,3
200,90 	 140,3
202,09 	 82,07
202,09 	 82,07
200,85 	 58,12
200,85 	 58,12
202,44 	 66,21
202,44 	 66,21
201,71 	 32,11
201,71 	 32,11
200,60 	 64,19
200,60 	 64,19
201,84 	 104,2
201,84 	 104,2
202,32 	 130,2
202,32 	 130,2
202,41 	 108,2
202,41 	 108,2
200,75 	 38,27
200,75 	 38,27
201,83 	 76,11
201,83 	 76,11
201,83 	 66,07
201,83 	 66,07
203,10 	 52,15
203,10 	 52,15
199,70 	 140,4
199,70 	 140,4
201,64 	 14,05
201,64 	 14,05
201,63 	 24,07
201,63 	 24,07
201,46 	 50,14
201,46 	 50,14
200,62 	 112,3
200,62 	 112,3
204,36 	 114,2
204,36 	 114,2
201,80 	 18,01
201,80 	 18,01
201,66 	 72,11
201,66 	 72,11
201,09 	 138,3
201,09 	 138,3
201,60 	 46,13
201,60 	 46,13
202,71 	 134,2
202,71 	 134,2
201,82 	 58,09
201,82 	 58,09
201,27 	 138,3
201,27 	 138,3
203,70 	 108,2
203,70 	 108,2
203,06 	 82,18
203,06 	 82,18
205,71 	 90,15
205,71 	 90,15
203,14 	 44,16
203,14 	 44,16
203,87 	 20,06
203,87 	 20,06
202,80 	 34,07
202,80 	 34,07
205,00 	 76,21
205,00 	 76,21
201,31 	 80,19
201,31 	 80,19
202,82 	 48,15
202,82 	 48,15
202,37 	 134,2
202,37 	 134,2
201,60 	 138,3
201,60 	 138,3
201,32 	 80,12
201,32 	 80,12
205,00 	 66,08
205,00 	 66,08
203,09 	 36,12
203,09 	 36,12
203,88 	 22,04
203,88 	 22,04
201,34 	 58,11
201,34 	 58,11
201,58 	 13,71
201,58 	 13,71
201,54 	 140,3
201,54 	 140,3
203,17 	 110,2
203,17 	 110,2
203,09 	 94,22
203,09 	 94,22
203,62 	 72,15
203,62 	 72,15
201,09 	 14,02
201,09 	 14,02
201,06 	 112,2
201,06 	 112,2
203,08 	 34,11
203,08 	 34,11
203,45 	 26,06
203,45 	 26,06
199,98 	 46,17
199,98 	 46,17
202,94 	 34,09
202,94 	 34,09
202,19 	 118,4
202,19 	 118,4
202,31 	 66,13
202,31 	 66,13
202,02 	 110,2
202,02 	 110,2
201,17 	 72,19
201,17 	 72,19
202,36 	 58,08
202,36 	 58,08
204,43 	 126,2
204,43 	 126,2
202,19 	 92,24
202,19 	 92,24
201,83 	 74,19
201,83 	 74,19
201,81 	 100,2
201,81 	 100,2
202,18 	 132,3
202,18 	 132,3
201,52 	 124,1
201,52 	 124,1
202,85 	 94,14
202,85 	 94,14
201,64 	 84,23
201,64 	 84,23
203,40 	 92,22
203,40 	 92,22
201,58 	 26,12
201,58 	 26,12
201,61 	 46,11
201,61 	 46,11
202,31 	 50,12
202,31 	 50,12
201,83 	 116,3
201,83 	 116,3
202,11 	 94,18
202,11 	 94,18
202,04 	 110,2
202,04 	 110,2
203,57 	 32,12
203,57 	 32,12
201,19 	 62,19
201,19 	 62,19
203,35 	 24,04
203,35 	 24,04
200,65 	 104,2
200,65 	 104,2
200,49 	 120,2
200,49 	 120,2
200,71 	 110,2
200,71 	 110,2
200,83 	 30,02
200,83 	 30,02
201,34 	 20,11
201,34 	 20,11
158,44 	 11,27
158,44 	 11,27
0,07 	 11,27
0,07 	 11,27
0,19 	 11,27
0,19 	 11,27
0,03 	 11,27
0,03 	 11,27
0,03 	 11,27
0,03 	 11,27
0,20 	 11,27
0,20 	 11,27
0,07 	 11,27
0,07 	 11,27
0,07 	 11,27
0,07 	 11,27
0,24 	 11,27
0,24 	 11,27
0,03 	 11,27
0,03 	 11,27

Script done on 2021-04-03 19:54:35-03:00 [COMMAND_EXIT_CODE="0"]
