90,7
90,6
82,96
82,95
82,94
82,93
83,19
82,92
82,91
82,90
219,47
293,13
188,209
82,89
82,88
82,87
82,86
83,18
82,85
82,84
82,83
82,195
82,194
82,193
82,55
82,54
82,53
82,192
82,52
82,82
83,17
83,12
82,81
82,80
82,79
83,16
82,78
82,77
82,76
82,75
82,74
82,73
82,72
82,132
82,40
82,131
82,130
83,15
82,39
82,38
82,129
82,36
82,71
82,128
82,8
82,63
82,12
82,62
82,61
82,9
82,11
82,70
82,69
82,60
82,21
82,59
82,58
82,13
82,57
82,23
82,22
82,68
82,67
83,14
83,8
82,66
82,65
83,13
82,64
82,56
82,33
82,32
82,34
82,31
82,51
83,9
82,50
82,49
82,48
82,47
83,11
82,46
82,45
286,1
286,3
286,0
177,1
177,3
177,0
235,3
235,0
304,1
304,3
304,0
312,1
312,3
312,0
353,1
353,3
353,0
331,1
331,3
331,0
163,1
163,3
163,0
214,1
214,3
214,0
208,1
208,3
208,0
268,1
268,3
268,0
188,3
188,0
183,1
183,3
183,0
181,1
181,3
181,0
359,1
359,3
0,451
0,472
359,0
291,1
291,3
291,0
296,1
296,3
0,464
296,0
233,1
233,3
233,0
231,1
231,3
231,0
229,3
229,0
159,1
159,3
159,0
176,1
176,3
176,0
285,1
285,3
0,450
0,502
285,0
178,3
0,448
178,0
0,355
0,351
156,3
0,447
156,0
82,1
82,44
82,3
83,1
82,0
83,10
83,3
83,0
1,1
1,3
1,0
90,5
90,1
90,4
90,3
90,0
91,1
91,3
91,0
2,1
2,18
2,3
2,0
0,9
0,310
0,305
0,465
0,449
0,308
0,304
0,303
0,302
0,307
0,445
0,12
0,427
0,10
0,8
0,0
0,323
0,300
0,340
0,299
0,346
0,298
0,452
0,297
0,313
0,296
0,317
0,295
0,461
0,294
0,379
0,293
0,357
0,292
0,339
0,291
0,453
0,290
0,374
0,289
0,476
0,288
0,378
0,287
0,480
0,286
0,356
0,285
0,446
0,284
0,467
0,283
0,324
0,282
0,316
0,281
0,499
0,280
0,372
0,279
0,333
0,278
0,471
0,277
0,365
0,276
0,354
0,275
0,489
0,274
0,488
161,0
161,3
182,0
182,3
192,0
192,3
340,0
340,1
298,0
298,1
308,0
308,1
0,454
223,3
226,3
228,0
190,0
190,3
310,0
305,0
305,3
293,3
333,0
306,0
306,1
358,0
358,1
164,0
166,0
166,3
168,0
168,1
175,0
175,1
336,0
336,1
354,3
354,1
332,3
332,1
334,3
334,1
335,3
288,0
288,3
341,0
341,3
290,0
290,1
156,10
0,243
0,301
0,381
0,383
0,385
0,387
0,388
0,390
0,391
0,393
0,395
0,396
0,398
0,399
0,401
0,403
0,404
0,406
0,407
0,409
0,410
0,412
0,414
0,415
0,417
0,418
0,420
0,424
0,425
0,428
0,429
0,431
0,432
0,434
0,436
0,437
0,439
0,440
0,456
0,508
2,5
2,7
2,8
2,10
2,12
2,13
2,15
2,16
2,19
2,20
2,22
4,1
4,3
5,1
5,3
6,0
6,3
8,0
8,3
8,4
25,1
25,3
29,1
29,5
29,6
29,8
31,0
31,3
34,1
34,3
52,0
52,1
53,0
53,1
76,0
76,3
78,0
78,3
78,4
80,1
80,3
82,2
82,5
82,6
82,14
82,16
82,17
82,19
82,24
82,25
82,27
82,29
82,30
82,35
82,41
82,43
83,2
83,5
83,7
84,0
84,1
84,4
85,0
85,3
86,0
86,1
86,4
88,0
88,3
89,0
89,1
89,3
89,4
90,2
91,2
100,1
100,4
100,5
101,1
101,2
104,0
104,2
104,3
105,1
105,2
105,4
105,6
105,7
105,9
105,10
105,12
105,13
105,15
105,17
105,18
105,20
105,21
105,23
105,25
105,26
105,28
105,29
105,31
105,32
105,34
105,36
105,64
105,66
105,67
105,69
105,71
105,72
105,74
105,75
105,77
105,78
105,80
105,82
105,83
105,85
105,86
105,88
105,90
105,91
105,93
105,94
105,96
105,97
105,99
105,101
105,102
105,104
105,105
105,107
105,109
105,110
105,112
105,113
105,115
125,0
125,1
125,3
125,4
152,0
152,1
152,3
153,0
153,1
153,3
156,2
156,5
156,7
156,8
156,11
156,12
156,14
159,2
159,5
161,2
161,4
163,4
163,5
164,2
164,5
164,6
166,4
166,5
168,4
168,5
169,1
169,3
169,4
171,0
171,1
171,3
171,5
173,0
173,2
173,3
173,5
175,4
175,5
176,4
176,5
177,4
178,1
178,4
178,6
178,7
178,9
181,2
181,5
181,7
182,2
183,2
183,4
188,1
188,2
188,5
188,7
188,8
188,10
188,11
188,13
188,15
188,16
188,18
188,19
188,21
188,22
188,24
188,26
188,27
188,29
188,30
188,32
188,34
188,35
188,37
188,38
188,40
188,42
188,43
188,45
188,46
188,48
188,49
188,51
188,53
188,54
188,56
188,57
188,59
188,61
188,62
188,64
188,65
188,67
188,68
188,70
188,72
188,73
188,75
188,76
188,78
188,80
188,81
188,83
188,84
188,86
188,87
188,89
188,91
188,92
188,94
188,95
188,97
188,99
188,100
188,102
188,103
188,105
188,106
188,108
188,110
188,111
188,113
188,114
188,116
188,118
188,119
188,121
188,122
188,124
188,126
188,127
188,129
188,130
188,132
188,133
188,135
188,137
188,138
188,140
188,141
188,143
188,145
188,146
188,148
188,149
188,192
188,193
188,195
188,197
188,198
188,200
188,201
188,203
188,205
188,206
188,208
190,2
190,5
192,2
192,5
193,1
193,2
193,4
195,0
195,2
195,4
195,5
197,1
197,2
197,4
197,6
198,0
198,2
198,3
200,0
200,1
200,3
202,0
202,1
202,3
202,4
204,0
204,2
204,3
204,5
206,0
206,2
206,3
208,2
208,5
210,0
210,2
210,3
210,5
212,1
212,2
212,4
212,5
214,4
214,5
215,1
215,3
215,4
216,1
216,2
216,4
218,1
218,2
218,4
218,5
219,1
219,2
219,4
219,6
219,7
219,9
219,10
219,12
219,14
219,15
219,17
219,18
219,20
219,22
219,23
219,25
219,26
219,28
219,29
219,31
219,33
219,34
219,36
219,37
219,39
219,41
219,42
219,44
219,45
219,64
219,65
219,67
219,69
219,70
219,72
219,73
221,0
221,2
221,3
221,5
221,6
221,8
221,9
223,1
223,4
223,5
223,7
223,8
223,10
223,12
223,13
223,15
223,16
223,18
223,20
223,21
223,23
223,24
226,1
226,2
226,5
226,7
226,8
226,10
226,11
226,13
226,15
226,16
228,2
228,4
228,6
228,7
228,9
228,11
228,12
228,14
228,15
228,17
229,1
229,2
229,5
229,6
229,8
229,9
229,11
229,13
231,2
231,5
233,2
233,5
235,2
235,4
235,6
235,7
235,9
235,10
235,12
235,14
235,15
235,17
235,18
235,20
235,22
235,23
235,25
235,26
236,1
236,3
236,4
236,6
236,7
236,9
236,10
238,1
238,3
238,4
240,0
240,1
240,3
240,5
241,0
241,2
241,3
243,0
243,1
243,3
243,5
244,0
244,2
244,3
245,0
245,2
245,3
245,5
247,0
247,2
247,3
247,5
250,1
250,2
250,4
250,5
250,7
255,1
255,2
255,4
255,5
255,7
258,0
258,1
258,3
258,4
258,6
260,0
260,2
260,4
260,5
261,1
261,2
261,4
262,1
262,2
262,4
264,0
264,2
264,3
264,5
266,1
266,2
266,4
266,5
268,4
270,0
270,1
270,3
270,4
272,0
272,1
272,3
272,5
273,0
273,2
273,3
279,0
279,2
279,3
279,5
279,6
279,8
279,10
279,11
281,1
281,2
281,4
281,5
282,0
282,2
282,3
282,5
283,0
283,2
283,4
284,0
284,2
284,3
284,5
285,2
285,5
286,4
288,2
288,5
290,2
291,2
293,2
293,4
293,6
293,7
293,9
293,10
293,12
293,14
293,15
296,4
296,5
298,4
299,1
299,2
299,4
299,5
300,1
300,2
300,4
302,1
302,2
302,4
304,2
304,5
305,2
305,4
305,6
305,7
305,9
308,2
308,4
310,1
310,2
310,5
310,6
310,8
310,10
312,2
312,5
313,0
313,2
314,0
314,1
314,3
314,4
315,1
315,2
315,4
317,1
317,2
317,4
317,5
318,0
318,2
318,3
320,0
320,1
320,3
320,4
323,0
323,2
323,3
323,5
324,0
324,2
324,4
325,0
325,2
325,3
327,1
327,3
327,4
328,1
328,2
329,0
329,1
329,3
330,1
330,2
330,4
331,2
331,5
333,1
333,2
333,5
333,6
333,8
333,9
333,11
333,13
333,14
333,16
333,17
333,19
333,21
334,2
336,2
337,0
337,2
337,3
339,0
339,2
339,3
339,5
340,2
341,2
342,0
342,1
342,3
342,4
344,1
344,2
344,4
346,0
346,1
346,3
346,4
347,0
347,2
347,3
353,2
353,4
353,6
353,8
353,9
356,0
356,1
356,3
356,4
356,6
357,1
357,2
357,4
358,2
359,2
359,4
358,4
357,3
357,0
356,5
356,2
354,2
353,7
353,5
347,4
347,1
346,5
346,2
344,5
344,3
344,0
342,2
341,4
340,4
339,4
339,1
337,4
337,1
335,2
333,20
333,18
333,15
333,12
333,10
333,7
333,4
332,2
331,4
330,3
330,0
329,2
328,3
328,0
327,2
327,0
325,1
324,3
324,1
323,4
323,1
320,5
320,2
318,4
318,1
317,6
317,3
317,0
315,3
315,0
314,2
313,3
313,1
312,4
310,9
310,7
310,4
308,5
306,2
305,8
305,5
305,1
304,4
302,3
302,0
300,3
300,0
299,3
299,0
298,2
296,2
293,11
293,8
293,5
293,1
290,4
288,4
286,2
285,4
284,4
284,1
283,3
283,1
282,4
282,1
281,6
281,3
281,0
279,9
279,7
279,4
279,1
273,4
273,1
272,4
272,2
270,5
270,2
268,5
268,2
266,3
266,0
264,4
264,1
262,3
262,0
261,3
261,0
260,3
260,1
258,5
258,2
255,8
255,6
255,3
255,0
250,6
250,3
250,0
247,4
247,1
245,4
245,1
244,4
244,1
243,4
243,2
241,4
241,1
240,4
240,2
238,5
238,2
238,0
236,8
236,5
236,2
236,0
235,24
235,21
235,19
235,16
235,13
235,11
235,8
235,5
235,1
233,4
231,4
229,12
229,10
229,7
229,4
228,18
228,16
228,13
228,10
228,8
228,5
228,1
226,14
226,12
226,9
226,6
226,4
223,25
223,22
223,19
223,17
223,14
223,11
223,9
223,6
223,2
221,10
221,7
221,4
221,1
219,74
219,71
219,68
219,66
219,46
219,43
219,40
219,38
219,35
219,32
219,30
219,27
219,24
219,21
219,19
219,16
219,13
219,11
219,8
219,5
219,3
219,0
218,3
218,0
216,3
216,0
215,2
215,0
214,2
212,3
212,0
210,4
210,1
208,4
206,4
206,1
204,4
204,1
202,5
202,2
200,4
200,2
198,4
198,1
197,5
197,3
197,0
195,3
195,1
193,3
193,0
192,4
190,4
188,207
188,204
188,202
188,199
188,196
188,194
188,150
188,147
188,144
188,142
188,139
188,136
188,134
188,131
188,128
188,125
188,123
188,120
188,117
188,115
188,112
188,109
188,107
188,104
188,101
188,98
188,96
188,93
188,90
188,88
188,85
188,82
188,79
188,77
188,74
188,71
188,69
188,66
188,63
188,60
188,58
188,55
188,52
188,50
188,47
188,44
188,41
188,39
188,36
188,33
188,31
188,28
188,25
188,23
188,20
188,17
188,14
188,12
188,9
188,6
188,4
183,5
182,4
181,6
181,4
178,8
178,5
178,2
177,2
176,2
175,2
173,4
173,1
171,4
171,2
169,5
169,2
169,0
168,2
166,2
164,4
164,1
163,2
159,6
159,4
156,13
156,9
156,6
156,4
153,2
152,4
152,2
125,5
125,2
105,116
105,114
105,111
105,108
105,106
105,103
105,100
105,98
105,95
105,92
105,89
105,87
105,84
105,81
105,79
105,76
105,73
105,70
105,68
105,65
105,35
105,33
105,30
105,27
105,24
105,22
105,19
105,16
105,14
105,11
105,8
105,5
105,3
105,0
104,1
101,3
100,6
100,3
100,0
89,5
89,2
88,4
88,1
86,3
85,4
85,1
84,3
83,6
83,4
82,42
82,37
82,28
82,26
82,20
82,18
82,15
82,10
82,7
82,4
80,2
80,0
78,1
76,1
53,3
52,3
34,4
34,0
31,1
29,7
29,3
29,0
25,0
8,1
6,1
5,4
5,0
4,0
2,21
2,17
2,14
2,11
2,9
2,6
0,485
0,441
0,438
0,435
0,433
0,430
0,426
0,421
0,419
0,416
0,413
0,411
0,408
0,405
0,402
0,400
0,397
0,394
0,392
0,389
0,386
0,382
0,322
156,1
290,3
341,1
288,1
335,1
335,0
334,0
332,0
354,0
336,3
175,3
168,3
166,1
164,3
358,3
306,3
333,3
293,0
310,3
190,1
228,3
226,0
223,0
308,3
298,3
340,3
192,1
182,1
161,1
0,273
0,443
0,272
0,373
0,271
0,328
0,270
0,444
0,269
0,475
0,268
0,384
0,267
0,487
0,266
0,423
0,265
0,483
0,264
0,320
0,263
0,474
0,262
0,422
0,261
0,460
0,260
0,466
0,259
0,486
0,258
0,458
0,257
0,337
0,256
0,349
0,255
0,327
0,254
0,511
0,253
0,380
0,252
0,350
0,251
0,463
0,250
0,482
0,249
0,352
0,248
0,247
0,457
0,246
0,312
0,245
0,484
0,244
0,335
0,242
0,330
0,241
0,469
0,240
0,345
0,239
0,459
0,238
0,336
0,237
0,506
0,236
0,366
0,235
0,509
0,234
0,504
0,233
0,315
0,232
0,481
0,231
0,498
0,230
0,353
0,229
0,332
0,228
0,479
0,227
0,497
0,226
0,364
0,225
0,363
0,224
0,503
0,223
0,311
0,222
0,369
0,221
0,321
0,220
0,361
0,219
0,462
0,218
0,314
0,217
0,342
0,216
0,329
0,215
0,362
0,214
0,371
0,213
0,473
0,212
0,368
0,211
0,348
0,210
0,309
0,209
0,478
0,208
0,347
0,207
0,505
0,206
0,470
0,205
0,343
0,204
0,377
0,203
0,491
0,202
0,360
0,201
0,319
0,200
0,510
0,199
0,325
0,198
0,501
0,197
0,370
0,196
0,477
0,195
0,496
0,194
0,341
0,193
0,490
0,192
0,306
0,63
0,507
0,62
0,495
0,61
0,500
0,60
0,334
0,59
0,338
0,58
0,367
0,57
0,494
0,56
0,375
0,55
0,358
0,54
0,493
0,53
0,326
0,52
0,492
0,51
0,344
0,50
0,468
0,49
0,318
0,48
0,331
0,47
0,359
0,46
0,376
0,45
0,455
0,6
0,5
0,1
0,442
0,11
0,4
0,2
0,3
0,7
